1.0
-22.5161493183
259.360239879
-2034.70620598
12212.1375889
-59725.7060138
247572.003138
-893316.835493
2860064.24109
-8240999.93465
21602858.6663
-51950555.3798
115349977.533
-237648614.01
455958911.056
-816698121.395
1367452450.06
-2140418590.23
3127341938.37
-4249975183.49
5335473082.0
-6110941186.54
6232644985.83
-5360110269.81
3271914130.74
1.0
-20.788831902
219.902365278
-1575.03756291
8576.31215771
-37791.1795018
140069.152127
-448097.384581
1259837.28545
-3153149.31055
7089110.54777
-14403329.6903
26531974.6381
-44327213.0259
66951612.6754
-90632479.6909
107934758.347
-108468420.979
81787748.728
-22440446.0757
-64243742.2817
158441488.606
-227547503.891
235416527.631
-158004266.396
1.0
-19.1262919013
184.922432264
-1201.84823289
5889.82606721
-23140.7924233
75650.1080983
-210740.793245
507975.965326
-1068982.26991
1970136.17344
-3168666.33718
4386376.04532
-5046087.06219
4371326.2839
-1728479.36441
-2841745.63655
8157733.41068
-11895406.8491
11373676.7757
-5055204.94884
-5896751.50719
17083272.967
-22250248.0256
16515701.4471
1.0
-17.463273236
152.874607593
-890.904786818
3870.30700533
-13294.2444778
37344.2117026
-87401.5041363
171609.934518
-280959.372769
372989.966032
-368471.138897
180810.303834
216063.739118
-711122.87228
1037895.97905
-879896.542291
94804.3815005
1065812.67332
-1941982.92409
1788441.7199
-332419.523468
-1804146.22573
3246888.37101
-2695728.27038
1.0
-15.7820075271
123.466356943
-634.306840781
2387.80881075
-6947.78355221
16013.497705
-29279.1578647
41163.0220984
-39406.8666478
10310.7783213
47671.7960543
-109558.295535
125490.050464
-51476.9490043
-101605.274701
241976.021627
-238737.41928
29465.2549773
283219.07131
-454611.579436
276078.386419
205714.109028
-638394.819779
602185.740381
1.0
-14.0779816679
96.7288702517
-427.662715659
1346.80751052
-3140.39067065
5381.10235335
-6181.1299271
2583.51576379
6739.07812181
-17595.0948923
19698.5395194
-3899.43298283
-25381.0240101
45046.6331834
-28243.234809
-25842.9995526
75977.4379407
-65334.2220402
-19299.3365453
112455.145918
-113679.14858
-8937.88131856
156874.35698
-171663.481771
1.0
-12.352003741
72.7964070377
-267.129939342
661.822703562
-1092.34964763
968.290955964
418.345548619
-2826.47653254
4156.99459294
-1586.98537716
-4834.12550562
9606.24927216
-5356.2203426
-7930.30464827
17983.8717544
-10028.805372
-14058.4227367
29882.5942167
-13453.6749126
-25893.3415429
44787.074932
-11824.0912381
-45827.837676
59852.2775765
1.0
-10.6074727632
51.8276017123
-148.480233492
252.175727035
-171.856991729
-286.332886941
900.602044504
-844.315110583
-520.284381939
2253.35773609
-1932.32797229
-1471.89106649
4756.8556473
-2800.27178478
-4299.97082122
8330.7922813
-1744.18093874
-10058.2450215
11335.591865
3747.16282944
-18172.918128
10058.4962384
15288.9186788
-24822.734366
1.0
-8.84920957483
33.9702067706
-66.8111759399
42.4644421461
109.358201479
-285.584120065
160.512756535
391.163412976
-767.512459997
102.317296747
1237.94054684
-1322.57808326
-828.317341073
2742.89389063
-929.233006135
-3314.38089252
3749.99770808
1996.53431934
-6503.49395278
1606.4610314
7583.87870386
-6837.15537492
-5586.43484876
12014.179512
1.0
-7.08287542818
19.3428369514
-16.5265536457
-35.1211895091
99.0412622169
-34.8893892853
-187.262137012
252.064580398
147.617765575
-578.957255192
161.979100086
857.665331417
-801.469822824
-855.030081369
1688.70363689
348.217280832
-2593.92829612
786.320670973
3186.49039343
-2510.59212875
-3115.2106931
4605.50704798
2098.19896269
-6695.88005599
1.0
-5.31464685049
8.02470142958
8.55041042647
-38.1510024451
14.8414129015
83.2868053985
-94.2626622402
-114.300302625
247.748840389
85.2868833902
-471.298372447
54.1680237276
736.33791718
-346.660333709
-993.726210021
817.947970044
1181.39804855
-1472.27350588
-1233.04422378
2291.63447113
1086.0603943
-3237.99148405
-687.826687916
4257.30162528
1.0
-3.55101427415
0.0497296978758
14.9916444978
-11.6953063801
-36.001101497
46.0611726309
64.4640015136
-116.250425403
-95.3286704161
234.497056347
122.305753785
-411.290938606
-139.557654857
655.191340282
142.987087122
-972.981430937
-131.038817265
1369.91316564
105.073708623
-1849.9064205
-69.4189268471
2415.65080535
31.1949595127
-3068.60841051
1.0
-1.79864477723
-4.596513163
9.53988088973
13.1639155943
-29.1423945971
-30.9284054455
66.9936355856
65.2843309347
-128.046214245
-127.607753727
213.479531357
233.03492668
-318.260655041
-398.960219155
429.081522925
642.296451117
-523.186549215
-975.797227355
568.526550858
1403.93939403
-525.505674351
-1918.9839593
350.364196839
2497.86504095
1.0
-0.0642792485047
-5.9779021161
-1.13273109095
19.8597008152
9.08377596231
-47.1355890018
-35.6926962364
86.7880193935
98.4742505317
-126.07950987
-214.992491992
136.322361041
392.824999362
-74.0755251481
-617.737765088
-110.044902515
844.535522231
455.262960516
-995.418699484
-970.510191909
969.319203142
1615.90301554
-662.858120375
-2292.42721827
1.0
1.64535245987
-4.20722302852
-10.6664705868
5.84536116643
34.7212582245
9.16922674854
-72.7987272429
-65.758099954
100.773027915
182.433873787
-66.0799832767
-343.868521282
-95.48260131
478.468050937
419.015844262
-462.214764545
-861.330371912
161.638938316
1271.94074153
491.231461119
-1412.35040638
-1421.42475752
1034.40355205
2372.95485739
1.0
3.32360902897
0.555748010174
-13.2426404313
-18.8765092026
16.1594585576
64.5813570044
27.5554605123
-108.817235378
-152.742724699
65.2826472283
322.532974463
160.991959697
-386.071304496
-561.239992735
135.810411717
929.063046963
524.962274629
-897.932739964
-1401.24816014
155.492661852
1972.25958094
1258.56962784
-1610.83429678
-2777.38279626
1.0
4.96401671813
8.10746206243
-3.78700764127
-34.069621738
-42.4047869534
25.3854659919
129.861994276
108.951386581
-123.40705899
-341.21716117
-162.103861482
395.492302632
675.417465928
79.7040901915
-936.927736759
-1045.73545816
318.655790941
1770.48419857
1249.62284539
-1206.87163054
-2781.79541292
-998.865368515
2662.33214685
3693.56518076
1.0
6.56036040315
18.2051249938
21.8626469139
-12.2212395804
-86.487023155
-122.790492587
-4.98194742959
248.854903853
373.400467326
65.5489813471
-563.288078728
-845.753927667
-170.825100066
1100.93191552
1596.28349999
291.96042669
-1940.59293096
-2653.56594881
-367.302033773
3159.81342427
4011.01176063
306.668536192
-4824.82083883
-5624.38220966
1.0
8.1068031387
30.5727087668
66.8352278158
78.1200726059
-7.03613169237
-211.35581571
-395.839754403
-279.824831563
288.595467061
989.235728019
1063.25503256
-23.3937266804
-1742.96781582
-2491.3338055
-907.413256408
2390.56203936
4561.94721999
2784.6461744
-2569.16608624
-7109.00905038
-5779.76112319
1889.46398554
9826.49018332
9919.79821179
1.0
9.59806614193
44.9089422333
133.162987251
268.938685514
353.87955293
189.733366236
-377.587106659
-1187.51091993
-1614.12014865
-863.606240017
1253.47956582
3633.5067285
4147.50969407
1206.03573832
-4302.05655712
-8560.65642864
-7112.18170416
1141.3648565
11468.0258033
15438.3927189
7376.60704716
-9481.54052868
-23050.0553688
-20605.9709554
1.0
11.0297398974
60.8985498908
221.793834719
589.655091376
1189.26875818
1804.46208949
1866.46689849
629.869622361
-2236.63919218
-5888.1510641
-8039.13400048
-5892.44650688
1746.78353486
12369.0080205
19623.1219948
16416.0566133
274.093251696
-22505.6267475
-37963.3981478
-32190.685053
-2023.09848772
38749.617126
64154.4122544
51674.4271577
1.0
12.3989052828
78.230134809
332.716832402
1064.85879694
2709.13135667
5631.40253541
9638.37612414
13369.2927984
14052.060438
8257.06501508
-6059.57673492
-26846.4664543
-46276.4338137
-52167.2512028
-33475.3120932
11722.0914017
70108.1273342
114143.884529
112960.716824
50188.8967259
-60239.7761431
-171473.863036
-220839.266098
-162495.661768
1.0
13.7055987247
96.6310528429
465.307594085
1713.86776009
5125.56036292
12892.9572247
27871.052519
52407.7979162
86057.0905852
122697.304543
148569.783705
143444.279358
86737.4938705
-31547.5994904
-198408.708691
-370369.25935
-478160.220701
-447583.898509
-233343.616774
146204.755549
591319.746378
936411.813973
1003783.89456
682280.124011
1.0
14.9571557244
115.95887602
619.296660625
2555.18055052
8660.65626567
25040.8035797
63318.2859785
142439.415311
288475.943888
530180.006838
888360.692321
1358947.07411
1892988.54542
2381026.768
2652460.17154
2500346.32982
1736609.62072
271602.022506
-1802151.86293
-4154245.64741
-6224374.69389
-7319128.64895
-6797025.21609
-4305569.25328
1.0
16.1874401916
136.58256463
798.725678506
3632.6866381
13673.2588667
44265.8953893
126504.275829
325097.919802
761606.930492
1643417.87045
3292420.86936
6161568.89742
10821891.589
17899695.3157
27946787.4443
41238353.5789
57514487.7893
75710011.7969
93746833.8806
108483863.907
115920005.229
111716364.017
92040817.0933
54647238.4964
