3.89510790912e-14
2.07935453949e-11
2.22785268816e-09
9.45010138479e-08
2.08737540782e-06
2.77632215864e-05
0.000242833001855
0.00147973508725
0.00653543219925
0.0215075181387
0.0537652668963
0.103424609621
0.154288543296
0.179080018666
0.161553667604
0.11266014936
0.060100067544
0.0241254212107
0.00711184908657
0.00148586996738
0.000208791311555
1.82058333686e-05
8.62259838953e-07
1.7254995869e-08
7.85146921082e-11
-8.77028312926e-13
-4.32273519861e-10
-4.26105608269e-08
-1.6502970259e-06
-3.2942974398e-05
-0.000390850124537
-0.00299947414734
-0.0156962496348
-0.0578334091932
-0.152335071746
-0.285743406376
-0.367262265062
-0.277510282586
-0.011511129022
0.265812724393
0.374438289616
0.298337740049
0.15827145802
0.057654360497
0.0142614782252
0.00230291385929
0.000225732403531
1.18177873491e-05
2.58085660236e-07
1.27095188266e-09
1.01023612166e-11
4.57254981484e-09
4.11979937821e-07
1.44468054092e-05
0.000257720637176
0.0026855050586
0.0176773700452
0.0766911207416
0.222009983143
0.416016416585
0.431450214125
0.00514327458938
-0.70918932016
-1.07052282253
-0.679692310686
0.0626106538325
0.487259017562
0.439206308669
0.217428490917
0.0667288485311
0.0127150881035
0.00142424479873
8.33210760621e-05
2.0008699267e-06
1.07237380093e-08
-7.92540023564e-11
-3.27506150629e-08
-2.67754081641e-06
-8.41914055963e-05
-0.00132403650046
-0.0118732947391
-0.0648679650556
-0.21971141126
-0.436639910507
-0.355445152304
0.459715098653
1.55050497976
1.47189432569
-0.202849504911
-1.72320744368
-1.49191784891
-0.22759941503
0.527445565579
0.475322053893
0.197862883522
0.0463086256459
0.00605738720962
0.000401216051139
1.06859613208e-05
6.27117007268e-08
4.75675937097e-10
1.78331936172e-07
1.31216648366e-05
0.000365747935906
0.00498425339013
0.0373917153489
0.160712393802
0.373153271446
0.277523482524
-0.755369620418
-2.05119882882
-1.20958249676
2.03104136111
3.55647559268
0.944339534907
-2.12663034615
-2.04758656765
-0.294842552594
0.555578167006
0.399607915871
0.123114859894
0.0193866418182
0.0014777993388
4.40896298437e-05
2.85219272916e-07
-2.32638069872e-09
-7.85812606495e-07
-5.15542766065e-05
-0.00125631958149
-0.0145026325257
-0.0871873620573
-0.265258544009
-0.25430282065
0.7147031112
2.13013174361
0.797952525767
-3.72339986825
-4.49633761055
1.62672276888
5.60934661
1.82052701467
-2.54853056009
-2.08653586287
-0.0500399067494
0.525818999768
0.248308983811
0.049321994053
0.00441956485307
0.000149439588087
1.07355171003e-06
9.643196675e-09
2.91253427317e-06
0.000168537296686
0.00352906586725
0.0334261813025
0.149396737015
0.235132999506
-0.42369681944
-1.86641565387
-0.750384172901
4.47793732119
4.76385879804
-4.77189862266
-8.44104215826
1.48132221032
7.27574532596
1.52566822075
-2.96237235432
-1.5031306649
0.2819191107
0.376756006317
0.102524376191
0.0111170792202
0.000432078962324
3.47552314738e-06
-3.47956547127e-08
-9.3175333076e-06
-0.000469499442736
-0.00825953075271
-0.0611165940885
-0.171608079821
0.101588105384
1.3326524449
1.04902023745
-4.02754380847
-5.06805719371
6.66716419115
10.3363504446
-6.39184870824
-11.760901383
3.10440229698
7.80471462735
-0.120191580188
-2.81515259578
-0.561045341853
0.38970207171
0.17547466966
0.0240320892565
0.00109255676299
9.93244426709e-06
1.11402588461e-07
2.61964837851e-05
0.00113169561987
0.0162173127983
0.0859226800398
0.0717267206222
-0.686361781068
-1.24936269382
2.55642196433
5.42128353504
-6.14538627699
-12.0231548656
10.07262432
15.5420001329
-10.6234622222
-12.2593659906
6.54798569251
6.0037293758
-1.99007197275
-1.76448681186
0.131511304562
0.243399116944
0.0451891393911
0.00245779152278
2.55249630783e-05
-3.20995840245e-07
-6.55651533257e-05
-0.00238153502361
-0.0265509455768
-0.0822569243398
0.187098519184
1.0094554757
-0.769883055302
-5.01602564439
3.17489177069
13.3202825267
-9.85933052348
-19.7560638704
17.6347706233
16.2802522553
-17.2080181782
-7.41677258072
9.00844355449
2.0524474088
-2.39837265261
-0.466990830412
0.25582947082
0.0742035730688
0.00497765122008
5.97973336551e-05
8.41454656505e-07
0.000147407741984
0.00438917317004
0.0352479299451
0.0215224651034
-0.48849651833
-0.385372423035
3.33437250621
0.668687755698
-12.4519336675
4.58547204823
24.25276651
-19.6884144359
-22.5783209809
29.4728614055
7.35475278733
-20.5071744335
1.58139678493
7.03529520872
-1.28320657568
-1.22939478331
0.150326749778
0.105796958055
0.0091482538278
0.000129032448104
-2.02353019143e-06
-0.000299496289752
-0.00705932181718
-0.0348208961994
0.0995089347304
0.546894917606
-1.17388520787
-2.85933350067
8.09047651059
3.48376843319
-25.3394827824
12.6494248397
32.9374459167
-38.5008594789
-10.6754636536
36.3366130764
-9.74245302419
-13.5895621623
7.56170933209
1.86250764158
-1.67850133173
-0.11031964432
0.12810575777
0.0153286600762
0.000258503410849
4.49300609804e-06
0.000551693819053
0.00977219966384
0.0170867570265
-0.228689291823
-0.108260821964
2.33271434732
-2.1780088557
-8.64361939136
18.4462526724
2.91235825296
-42.537604766
35.9546193746
24.4126109597
-55.5532207867
18.1373782252
23.7691141013
-20.4041697455
-0.166372653724
5.39891852414
-1.23029163444
-0.488762294802
0.123686241218
0.02344862615
0.000483773684884
-9.2566699602e-06
-0.000921719916281
-0.0112419386262
0.0204182424024
0.261944845265
-0.704658993684
-1.30066706439
7.03888620628
-5.41341182204
-17.237626752
39.5894046431
-14.4336959732
-49.1039728546
70.3471082181
-15.425564434
-43.494850828
40.5926353226
-4.12122749243
-12.3957240688
6.16266009382
0.364713225247
-0.842501042903
0.0747902574959
0.0326635095312
0.000849677486141
1.77600916069e-05
0.00139216139742
0.00973867101242
-0.0672018324009
-0.107451717421
1.25063965879
-1.92573968336
-4.14366041377
17.9259970519
-18.3895749841
-18.6382853642
67.7629085958
-61.5549910465
-13.2654464262
77.2982684602
-63.2293814081
4.79022120404
26.5604461861
-17.717990049
1.79201228315
2.58254140723
-0.949748282695
-0.0272022280559
0.0410846070458
0.00140538906655
-3.18112731201e-05
-0.0018845705807
-0.00385079739843
0.0980822222885
-0.212088351716
-0.784123186319
4.36707756309
-6.3628176983
-6.0729393089
36.3198241013
-53.4279549037
14.7883836665
66.2023631273
-110.624490502
67.6935464248
15.3004212686
-56.309420263
38.511011809
-6.45338613873
-6.39229663617
4.0971373781
-0.60944595393
-0.171079861203
0.0457681893025
0.0021942334116
5.32637485355e-05
0.00224434629736
-0.00633099065545
-0.0831511153278
0.505094796827
-0.717484923036
-2.43532491349
12.3273656432
-21.6609116056
7.48928948369
43.9771909168
-100.630224663
99.098983807
-19.7068431964
-74.6724904329
104.668381635
-62.8487716684
7.04366827073
17.001316456
-12.7200222883
3.42752999085
0.213410442791
-0.31935453792
0.0431434655921
0.0032378166343
-8.33716137964e-05
-0.00225544303554
0.0181742283083
0.00895911016902
-0.498334617931
2.10937844512
-3.4138489945
-2.58092573356
24.5078557685
-55.7889598791
63.518181391
-13.5526385208
-80.7216905504
151.239437085
-139.151080601
59.1423282678
19.1512345588
-46.8176218579
32.4438801695
-10.5677771967
0.05722828951
1.27637688403
-0.412298354895
0.0299651918316
0.00451573230054
0.000121813343187
0.00170065726592
-0.0265012141255
0.1007203782
0.0615050486248
-1.81388848368
7.25648005684
-14.8835380745
13.0482146775
16.9118060938
-79.1571779878
141.682734371
-150.554332761
81.528499467
26.1133633125
-101.161236599
106.406219919
-64.0183962253
19.8039833518
1.6959197621
-4.69897932598
2.07808454179
-0.385933620246
0.00468649177635
0.00594434826575
-0.000165541119508
-0.000466616434156
0.0253388763791
-0.183519355201
0.591184524478
-0.535811756978
-3.266996265
16.7736730173
-42.5031437866
68.5334999354
-66.2949517865
10.8672072958
87.717133357
-178.259599284
205.486691768
-157.864827011
75.1024174124
-8.86131627632
-18.2715214837
17.0399951262
-7.92642769039
2.05654398769
-0.20120282942
-0.0310961229502
0.00736050379826
0.000207822434006
-0.00133585517147
-0.0112622519345
0.169009555739
-0.948945031025
3.12211713467
-6.28775785492
5.54480831635
10.4989171514
-53.9966057478
123.210338969
-191.325849376
216.611763982
-173.798983282
79.3602441861
17.5178265086
-72.5330665121
76.2318298076
-50.5581995214
22.9394440855
-6.72113535208
0.913730690745
0.126066488974
-0.0716814914847
0.00851757717337
-0.000238027753478
0.00329456028575
-0.0131370936967
-0.0314139819906
0.576279234441
-3.15609939179
10.87577985
-26.8911045917
49.5639250764
-67.0004504876
58.392326965
-7.17962540947
-81.0795049894
173.585700992
-228.170388092
222.195058964
-167.18609221
96.7673482061
-41.1047888646
10.9606788725
-0.422405386657
-1.09671532662
0.509871269281
-0.10740155963
0.00910142351971
0.00024276824779
-0.00473151935164
0.0380590156021
-0.170493647461
0.429402572226
-0.24814437956
-2.87127956956
14.8839098089
-44.6837653885
99.0530263721
-174.091476348
249.837741525
-296.077239688
289.375942185
-229.6363828
141.790642251
-60.0318761151
7.3985076077
13.4375827196
-14.088336316
8.09058338201
-3.1218245775
0.80743029991
-0.126291534602
0.00877137592421
-0.000208782079057
0.00489514425399
-0.0495702748761
0.306834242912
-1.33256964729
4.35533753406
-11.1285113914
22.623549415
-36.5097661896
45.1270522486
-36.9811854542
3.22632650975
54.0571815534
-118.704644569
167.111687616
-181.476832469
160.00634185
-116.400835003
69.8845152345
-34.2493850188
13.3948838767
-4.02056287983
0.865522539266
-0.117282642025
0.00722655641547
0.000127444586086
-0.00328546888589
0.0367945498658
-0.254749054609
1.25698770541
-4.7659312827
14.5341082317
-36.7310710029
78.5178556305
-144.011761758
228.894958142
-317.369626937
385.391958518
-410.527909037
383.35956027
-312.900360655
221.983516842
-135.690589858
70.5481078515
-30.6177933913
10.7891714201
-2.95836894127
0.58830274985
-0.0742925796789
0.00429061110511
